-2.583220899105072021e-01,-2.019767463207244873e-02,-1.217155754566192627e-01,-1.146188378334045410e-01,2.179972231388092041e-01,-1.373397558927536011e-01,-9.768578410148620605e-02,-2.870339453220367432e-01,1.518234014511108398e-01,9.635002166032791138e-02
1.240276247262954712e-01,2.386159896850585938e-01,-1.566842198371887207e-01,4.247411191463470459e-01,-4.321352243423461914e-01,6.240544915199279785e-01,4.468726217746734619e-01,-2.919542416930198669e-02,3.697845339775085449e-02,-3.789326176047325134e-02
6.060709476470947266e+00,1.114099884033203125e+01,9.638136625289916992e-02,1.804196548461914062e+01,-1.152369976043701172e+01,1.595622730255126953e+01,1.136029434204101562e+01,-7.362649917602539062e+00,-8.343894958496093750e+00,-1.545594215393066406e+00
1.641477793455123901e-01,-1.851170808076858521e-01,4.791091382503509521e-02,1.198014169931411743e-01,-9.048873186111450195e-02,1.620598882436752319e-01,1.988392472267150879e-01,6.437702476978302002e-02,2.434637844562530518e-01,-1.708753705024719238e-01
7.996161580085754395e-01,1.019499421119689941e+00,1.332286745309829712e-02,2.132672309875488281e+00,-1.527665495872497559e+00,2.229841947555541992e+00,1.082797050476074219e+00,-5.023698210716247559e-01,-2.903933525085449219e-01,-2.996927499771118164e-01
-2.538207173347473145e-01,-2.170695811510086060e-01,-2.439742684364318848e-01,1.324713230133056641e-01,9.512697905302047729e-02,-8.071768283843994141e-02,7.917983829975128174e-02,-7.953801006078720093e-02,7.632687687873840332e-02,1.101009547710418701e-01
7.176294922828674316e-02,8.212375640869140625e-02,-1.573588550090789795e-01,-3.001190349459648132e-02,-2.099136263132095337e-01,2.543944865465164185e-02,2.828860878944396973e-01,8.993804454803466797e-02,-1.399096846580505371e-01,1.631953269243240356e-01
-3.914982080459594727e-02,1.751070022583007812e-01,9.846046566963195801e-02,-5.268551111221313477e-01,-1.232871636748313904e-01,-2.107527405023574829e-01,-1.185481250286102295e-02,-1.027573123574256897e-01,-3.031618893146514893e-02,-3.172273039817810059e-01
-3.246035873889923096e-01,-1.600435376167297363e-01,-2.466207742691040039e-02,-3.337637782096862793e-01,1.613373756408691406e-01,-3.303769230842590332e-01,-8.673483133316040039e-02,-1.969115138053894043e-01,2.237413525581359863e-01,-1.429962068796157837e-01
1.967070102691650391e-01,-3.383211195468902588e-01,-2.307008355855941772e-01,1.769054532051086426e-01,1.148054674267768860e-01,-3.357993960380554199e-01,-1.056379079818725586e-01,2.295489609241485596e-02,-1.102975234389305115e-01,3.468177020549774170e-01
-9.327416121959686279e-02,2.318002730607986450e-01,-3.157547116279602051e-02,-2.496011927723884583e-02,3.088486790657043457e-01,-1.472736150026321411e-01,2.537649869918823242e-01,6.663438677787780762e-02,1.230204701423645020e-01,3.375377506017684937e-02
-3.864264488220214844e-02,-3.411339521408081055e-01,-1.998651772737503052e-02,1.511081680655479431e-02,-1.024255156517028809e-01,-4.128292798995971680e-01,-6.099134683609008789e-02,6.794966012239456177e-02,6.670505553483963013e-02,8.809036016464233398e-02
-1.680349111557006836e-01,-2.658157423138618469e-02,-1.979980617761611938e-02,-1.024090498685836792e-01,5.191385746002197266e-01,-2.131768316030502319e-01,-1.209867000579833984e-01,-1.965160518884658813e-01,2.623200602829456329e-02,7.280071079730987549e-02
3.412859141826629639e-02,-1.907457858324050903e-01,-2.660453915596008301e-01,1.489101797342300415e-01,5.066377669572830200e-02,-3.759572505950927734e-01,9.693829715251922607e-02,-1.009806767106056213e-01,1.926490664482116699e-01,1.147791594266891479e-01
-4.018048942089080811e-02,-7.855083048343658447e-02,-1.650241166353225708e-01,4.613345861434936523e-01,-4.657122194766998291e-01,4.019084572792053223e-01,3.147093057632446289e-01,-6.576290726661682129e-02,2.157091908156871796e-02,1.328707635402679443e-01
1.909890472888946533e-01,1.679551452398300171e-01,-5.230241641402244568e-02,-5.390479788184165955e-02,1.325823366641998291e-02,-1.980826258659362793e-03,2.500202059745788574e-01,1.010694578289985657e-01,-1.672342419624328613e-02,1.336201280355453491e-01
-2.066298723220825195e-01,-3.523542284965515137e-01,-8.683290332555770874e-02,-2.659675851464271545e-02,1.070837900042533875e-01,-1.673125475645065308e-01,-9.065175056457519531e-02,-7.966326177120208740e-02,7.228335738182067871e-02,2.709189951419830322e-01
1.092208325862884521e-01,2.903479039669036865e-01,-3.034316003322601318e-01,8.263365626335144043e-01,-6.745677590370178223e-01,8.303817510604858398e-01,5.450452566146850586e-01,-1.182737275958061218e-01,-7.059834897518157959e-03,-7.983231544494628906e-02
-1.332281231880187988e-01,-5.138278603553771973e-01,9.773410856723785400e-03,-2.685054838657379150e-01,-1.310729682445526123e-01,-3.335980772972106934e-01,-1.567498147487640381e-01,1.334518790245056152e-01,-1.231128349900245667e-01,1.822852492332458496e-01
-7.173183560371398926e-02,1.219020932912826538e-01,-4.094161987304687500e-01,-7.716697454452514648e-02,-2.681311666965484619e-01,1.010335981845855713e-01,4.711517393589019775e-01,7.416766136884689331e-02,-2.825352847576141357e-01,-6.541162729263305664e-02
-4.559011384844779968e-02,-3.014198243618011475e-01,2.406520396471023560e-02,-2.665519714355468750e-04,4.112968593835830688e-02,8.906960487365722656e-03,-9.689027070999145508e-02,-5.220503080636262894e-03,2.710707485675811768e-01,-5.648433417081832886e-02
-1.846500486135482788e-02,2.225262671709060669e-02,1.085353642702102661e-01,-4.872016981244087219e-02,2.166423797607421875e-01,9.638923406600952148e-02,8.852155506610870361e-02,-8.765581995248794556e-02,2.315568625926971436e-01,-1.466386467218399048e-01
2.037692785263061523e+00,3.392210721969604492e+00,4.921996593475341797e-02,5.932727813720703125e+00,-4.049803256988525391e+00,5.772624015808105469e+00,3.671688079833984375e+00,-2.195882797241210938e+00,-2.112243652343750000e+00,-8.203982114791870117e-01
2.817531228065490723e-01,-7.002526894211769104e-03,-2.026232481002807617e-01,-1.560642719268798828e-01,-1.441480219364166260e-01,5.329508185386657715e-01,2.780162990093231201e-01,2.278784811496734619e-01,3.212086558341979980e-01,-2.799029648303985596e-01
-2.910944446921348572e-02,-8.344012498855590820e-02,-2.617879509925842285e-01,4.245776534080505371e-01,-1.848200708627700806e-02,-1.634672731161117554e-01,1.394910514354705811e-01,-8.835638314485549927e-02,5.101240426301956177e-02,1.510996967554092407e-01
-1.598259955644607544e-01,2.416997104883193970e-01,-4.905745387077331543e-03,-3.350366055965423584e-01,1.225429698824882507e-01,-6.095504760742187500e-02,1.112420409917831421e-01,-1.952692568302154541e-01,9.282750636339187622e-02,8.938536047935485840e-04
1.629464477300643921e-01,2.758870832622051239e-02,-6.883065402507781982e-02,3.228486180305480957e-01,-3.290315270423889160e-01,4.273831248283386230e-01,6.079374551773071289e-01,-1.457315534353256226e-01,-6.603390723466873169e-02,-1.151600256562232971e-01
8.346262574195861816e-02,2.459824979305267334e-01,-2.372192889451980591e-01,4.120252281427383423e-02,-1.085029691457748413e-01,1.196283847093582153e-01,3.580537438392639160e-01,4.782911017537117004e-02,-4.628840833902359009e-02,-2.764690294861793518e-02
-2.029731720685958862e-01,-1.392489373683929443e-01,2.473762631416320801e-02,-4.022256135940551758e-01,4.117493331432342529e-01,-4.024135470390319824e-01,-2.618585824966430664e-01,-6.662356853485107422e-02,2.329489886760711670e-01,-2.845641598105430603e-02
2.897156178951263428e-01,5.087024569511413574e-01,-2.208860963582992554e-01,7.613920569419860840e-01,-6.121978163719177246e-01,1.032881021499633789e+00,6.454238891601562500e-01,-5.618333816528320312e-02,-4.465740174055099487e-03,-2.163418382406234741e-02
1.092895418405532837e-01,-2.129975147545337677e-02,-1.814747303724288940e-01,2.403403669595718384e-01,-1.989045441150665283e-01,4.356468915939331055e-01,4.259124398231506348e-01,2.925455570220947266e-01,1.385117173194885254e-01,-1.858693212270736694e-01
3.570845127105712891e-01,5.369704589247703552e-02,-3.082284927368164062e-01,-4.010780155658721924e-01,2.811539918184280396e-02,2.719054818153381348e-01,1.358660906553268433e-01,1.380323022603988647e-01,1.548890471458435059e-01,-1.521305441856384277e-01
-1.474272161722183228e-01,-5.497006773948669434e-01,8.758625388145446777e-02,-1.858183369040489197e-02,2.283015102148056030e-02,-3.006647229194641113e-01,-2.370246350765228271e-01,9.743062406778335571e-02,-7.200610637664794922e-02,3.529064059257507324e-01
3.747830167412757874e-02,1.311257332563400269e-01,-1.953720897436141968e-01,4.270446300506591797e-01,-4.190516769886016846e-01,4.437059164047241211e-01,3.911423385143280029e-01,-6.117220968008041382e-02,3.297518193721771240e-02,-8.223159611225128174e-02
2.941793948411941528e-02,3.716802597045898438e-01,-1.494405716657638550e-01,-8.769823610782623291e-02,-2.392745763063430786e-02,1.370758265256881714e-01,5.034500360488891602e-01,1.534609496593475342e-01,-1.866845041513442993e-02,1.234807372093200684e-01
-4.340559244155883789e-01,-8.545440435409545898e-02,1.217665225267410278e-01,-5.382424592971801758e-01,-1.021843403577804565e-02,-3.532208204269409180e-01,-6.354802846908569336e-02,-2.085771597921848297e-02,1.587160676717758179e-01,-2.312061637639999390e-01
-1.741729080677032471e-01,8.146868646144866943e-02,-5.951708927750587463e-02,-1.621011644601821899e-01,1.215111836791038513e-01,-2.653526663780212402e-01,9.877315163612365723e-02,-4.735802114009857178e-02,1.188764944672584534e-01,-1.943124234676361084e-01
-7.928071916103363037e-02,2.576325833797454834e-01,-9.172273427248001099e-02,-1.778240650892257690e-01,-7.141067087650299072e-02,-9.919954836368560791e-02,2.980831563472747803e-01,7.094064354896545410e-02,-4.290354251861572266e-02,-1.927021443843841553e-01
-4.366379231214523315e-02,2.204769551753997803e-01,-1.514587402343750000e-01,1.602037400007247925e-01,3.725167363882064819e-02,1.015064567327499390e-01,2.814117968082427979e-01,-7.443781197071075439e-02,7.614099234342575073e-02,1.224886029958724976e-01
-2.641019225120544434e-01,1.258015334606170654e-01,1.008616685867309570e-01,-4.078041911125183105e-01,4.674583375453948975e-01,-1.748978942632675171e-01,-3.415510058403015137e-02,-1.219493970274925232e-01,2.950192056596279144e-02,4.146497696638107300e-02
7.255877554416656494e-02,-1.581245958805084229e-01,-1.383186727762222290e-01,-1.628499478101730347e-03,-6.166800856590270996e-03,2.709826827049255371e-01,2.908368110656738281e-01,4.636804461479187012e-01,2.444280087947845459e-01,-2.492702007293701172e-01
2.194044142961502075e-01,5.340689420700073242e-02,-4.849420860409736633e-02,5.187297612428665161e-02,-1.667630672454833984e-01,4.127315878868103027e-01,3.899191617965698242e-01,-6.926834583282470703e-02,3.342086821794509888e-02,-1.950148046016693115e-01
9.067960083484649658e-02,5.405068024992942810e-02,-8.232405036687850952e-02,-2.699070274829864502e-01,2.612952888011932373e-01,-1.857245713472366333e-01,6.518363952636718750e-03,7.945147156715393066e-02,1.050856709480285645e-01,4.711002111434936523e-02
-3.736458718776702881e-02,-1.834542155265808105e-01,4.156415164470672607e-02,-1.746162474155426025e-01,3.254532814025878906e-01,-3.973248004913330078e-01,-2.213609814643859863e-01,4.083102941513061523e-02,-8.598249405622482300e-03,1.726656407117843628e-01
4.674901068210601807e-01,6.691812872886657715e-01,-3.776844218373298645e-02,1.438689708709716797e+00,-1.072099208831787109e+00,1.642034888267517090e+00,6.839460730552673340e-01,-2.336273491382598877e-01,2.249969728291034698e-02,-2.115534693002700806e-01
4.133719950914382935e-02,-3.133405745029449463e-02,-1.958810538053512573e-01,2.644634246826171875e-01,-3.459797501564025879e-01,3.421827405691146851e-02,3.013174831867218018e-01,-4.359805583953857422e-02,-9.281367808580398560e-02,5.439277738332748413e-02
-4.493272304534912109e-02,4.857655987143516541e-02,1.668399572372436523e-02,-1.525395512580871582e-01,1.512068212032318115e-01,-1.038091182708740234e-01,4.844899475574493408e-02,-2.646492794156074524e-02,-7.492048293352127075e-02,3.010256290435791016e-01
9.184299111366271973e-01,1.212591886520385742e+00,1.557814329862594604e-02,2.477982997894287109e+00,-1.757130622863769531e+00,2.561119079589843750e+00,1.273304581642150879e+00,-6.360956430435180664e-01,-4.212178289890289307e-01,-3.405828177928924561e-01
-1.336838118731975555e-02,7.675898075103759766e-02,-1.731470972299575806e-01,-6.288748979568481445e-02,4.829368740320205688e-02,-4.214727878570556641e-02,8.638353645801544189e-02,-2.620328590273857117e-02,7.772663235664367676e-02,1.180627942085266113e-02
-1.019174903631210327e-01,1.118143796920776367e-01,9.974358975887298584e-02,-3.269218802452087402e-01,9.216672927141189575e-02,-1.456363052129745483e-01,7.839500904083251953e-03,7.741651684045791626e-02,-9.309601038694381714e-02,-1.200184822082519531e-01
1.360227942466735840e+00,2.177404403686523438e+00,-5.918890237808227539e-04,4.090340614318847656e+00,-2.884015083312988281e+00,4.107122898101806641e+00,2.375955581665039062e+00,-1.355996370315551758e+00,-1.189313530921936035e+00,-5.994278192520141602e-01
4.129735380411148071e-02,-3.863254189491271973e-02,6.085397303104400635e-02,2.576459348201751709e-01,-7.486093044281005859e-02,5.989670753479003906e-01,9.719702601432800293e-02,-8.457987755537033081e-02,3.447915315628051758e-01,-2.354154735803604126e-01
1.222479790449142456e-01,3.006561994552612305e-01,-1.696745157241821289e-01,5.790210366249084473e-01,-5.371608138084411621e-01,8.280303478240966797e-01,4.942682385444641113e-01,-5.369108170270919800e-02,5.389396101236343384e-02,-3.424892574548721313e-02
7.888489961624145508e-02,1.294914931058883667e-01,-1.175403669476509094e-01,3.168922364711761475e-01,-3.277601897716522217e-01,4.938022494316101074e-01,3.555094003677368164e-01,-2.133665978908538818e-02,7.143874466419219971e-02,-3.361264243721961975e-02
1.928354054689407349e-01,3.468015491962432861e-01,-2.307672947645187378e-01,1.323736459016799927e-01,-1.744081377983093262e-01,3.180890083312988281e-01,6.358990669250488281e-01,-1.087404601275920868e-02,-1.521756947040557861e-01,-1.641898788511753082e-02
-4.015839099884033203e-02,-2.379953265190124512e-01,-2.562507987022399902e-01,1.974170506000518799e-01,-1.984279155731201172e-01,-2.287235707044601440e-01,8.816528320312500000e-02,6.311059743165969849e-02,-5.858077853918075562e-02,2.967068552970886230e-01
-2.458798289299011230e-01,3.300529718399047852e-01,6.585684418678283691e-02,-1.325213313102722168e-01,4.172782599925994873e-01,1.328339427709579468e-01,8.437821269035339355e-02,-2.539409101009368896e-01,-6.425864249467849731e-02,6.081823259592056274e-02
2.277268655598163605e-02,-2.402817308902740479e-01,-3.634289503097534180e-01,-1.356673240661621094e-01,-4.293094277381896973e-01,-9.182621538639068604e-02,2.295379638671875000e-01,8.520101755857467651e-02,-2.411575913429260254e-01,-5.615381896495819092e-02
-1.986011713743209839e-01,-1.711231470108032227e-01,-4.704655334353446960e-02,-7.264131307601928711e-02,1.943323016166687012e-01,-2.976094484329223633e-01,-6.782567501068115234e-02,-2.004463225603103638e-02,7.837207615375518799e-02,-6.158087775111198425e-02
7.369187660515308380e-03,-2.365924268960952759e-01,-2.980866134166717529e-01,-2.407421022653579712e-01,-7.646542042493820190e-02,4.387967288494110107e-02,8.974198251962661743e-02,3.022665381431579590e-01,-3.772346675395965576e-01,4.941902309656143188e-02
-3.787610828876495361e-01,-1.916394531726837158e-01,7.659751176834106445e-02,-8.278037607669830322e-02,-2.131840735673904419e-01,1.688902676105499268e-01,2.316767871379852295e-01,-1.052323281764984131e-01,1.908166408538818359e-01,-9.720075875520706177e-02
1.166395843029022217e-01,3.009316623210906982e-01,1.555020362138748169e-01,-5.279797315597534180e-01,4.629356414079666138e-02,9.235134720802307129e-02,1.141434982419013977e-01,-9.554186835885047913e-03,6.329268217086791992e-05,-1.646724790334701538e-01
-2.412937767803668976e-02,1.507940888404846191e-01,-1.955119371414184570e-01,2.607149779796600342e-01,-2.486379742622375488e-01,2.128554582595825195e-01,3.618124723434448242e-01,-9.560076147317886353e-02,4.232573881745338440e-02,-1.266680359840393066e-01
-1.160548478364944458e-01,-3.030296042561531067e-02,-9.889613837003707886e-02,3.442742526531219482e-01,-2.040429711341857910e-01,4.553310871124267578e-01,1.794380396604537964e-01,-1.978249251842498779e-01,1.628516614437103271e-01,-4.040899872779846191e-02
6.945321559906005859e-01,8.444746136665344238e-01,-1.008533686399459839e-02,1.811241388320922852e+00,-1.352136611938476562e+00,1.945619106292724609e+00,9.060985445976257324e-01,-3.730102479457855225e-01,-1.800035536289215088e-01,-2.571562528610229492e-01
3.645645454525947571e-02,-1.015129983425140381e-01,-1.904796808958053589e-02,1.027568951249122620e-01,-1.304438114166259766e-01,1.306995153427124023e-01,3.838786780834197998e-01,-1.070334389805793762e-01,3.273060545325279236e-02,-8.471191674470901489e-02
-2.442390769720077515e-01,-6.209801435470581055e-01,4.195550084114074707e-02,-3.706000447273254395e-01,2.480777502059936523e-01,-4.910852909088134766e-01,-3.744655251502990723e-01,1.283034682273864746e-01,1.572741717100143433e-01,2.207958102226257324e-01
-4.111567735671997070e-01,-2.890411019325256348e-02,-1.962907612323760986e-01,-5.619892105460166931e-02,1.404045224189758301e-01,-2.007413655519485474e-01,2.233876436948776245e-01,-2.578383982181549072e-01,3.328019082546234131e-01,4.564484208822250366e-02
1.018775254487991333e-01,-5.859459564089775085e-02,1.760177463293075562e-01,-1.417222768068313599e-01,4.988384991884231567e-02,3.892089724540710449e-01,-1.208394765853881836e-03,5.496056750416755676e-02,2.273589074611663818e-01,-3.071585893630981445e-01
-1.236481964588165283e-01,-1.470472216606140137e-01,-2.898536622524261475e-02,9.491868317127227783e-02,-3.439600765705108643e-02,2.550544738769531250e-01,7.048171758651733398e-02,-9.485349804162979126e-02,2.515119612216949463e-01,-9.346915781497955322e-02
-6.365715712308883667e-02,5.212939158082008362e-02,-9.400218725204467773e-03,1.822342574596405029e-01,2.498405277729034424e-01,-2.457403093576431274e-01,-3.305365145206451416e-02,-9.093373268842697144e-02,7.129947096109390259e-02,7.826187461614608765e-02
7.212036289274692535e-03,1.360397785902023315e-01,-2.477193027734756470e-01,-1.768065989017486572e-01,8.416845649480819702e-02,4.824078083038330078e-02,2.865709066390991211e-01,2.262965887784957886e-01,2.576022408902645111e-02,-3.086440265178680420e-02
-5.454622581601142883e-02,-3.319523334503173828e-01,-2.416893839836120605e-02,-2.605713009834289551e-01,4.736610502004623413e-02,-5.038993358612060547e-01,-2.468013465404510498e-01,-3.967673704028129578e-02,1.321413516998291016e-01,-5.494743585586547852e-02
2.898090779781341553e-01,-4.320500791072845459e-02,-1.836315095424652100e-01,-8.609230816364288330e-02,-1.927919983863830566e-01,5.557690262794494629e-01,1.814469695091247559e-02,-1.104596257209777832e-02,1.740992367267608643e-01,-2.140221297740936279e-01
-1.755354404449462891e-01,-5.117745399475097656e-01,-2.752072364091873169e-02,-1.723936796188354492e-01,1.348954737186431885e-01,-3.427327275276184082e-01,-2.694573998451232910e-01,-1.206220388412475586e-01,1.996264159679412842e-01,2.391336560249328613e-01
8.736209571361541748e-02,3.865530788898468018e-01,-2.098567187786102295e-01,2.087254375219345093e-01,-2.224111706018447876e-01,3.734907805919647217e-01,4.378828704357147217e-01,5.549065396189689636e-02,-1.820552349090576172e-02,8.893561363220214844e-02
-5.082569122314453125e-01,-4.095191061496734619e-01,1.657783985137939453e-02,-2.933055758476257324e-01,4.996561259031295776e-02,-3.313323855400085449e-01,-9.814888238906860352e-02,-3.469598665833473206e-02,2.764649093151092529e-01,1.006376370787620544e-01
8.898502215743064880e-03,-2.088354229927062988e-01,-2.935957908630371094e-02,-1.334100067615509033e-01,6.462395936250686646e-02,-5.693477392196655273e-02,1.727428138256072998e-01,5.343683436512947083e-02,1.248309835791587830e-01,-3.626314923167228699e-02
-2.247852534055709839e-01,-3.577985465526580811e-01,-2.165010124444961548e-01,-1.139842867851257324e-01,-1.801571547985076904e-01,-2.320746630430221558e-01,1.869210153818130493e-01,1.303434073925018311e-01,-1.654646694660186768e-01,1.242774426937103271e-01
-3.547520935535430908e-01,-3.107386827468872070e-01,5.530731379985809326e-02,-4.780777096748352051e-01,2.579652965068817139e-01,-3.799962401390075684e-01,-1.565611362457275391e-01,1.228520870208740234e-01,1.712457239627838135e-01,-2.942693606019020081e-02
1.148465126752853394e-01,-8.041299879550933838e-03,-5.706521123647689819e-02,1.064254194498062134e-01,-1.403634250164031982e-01,-1.776470094919204712e-01,8.797086030244827271e-02,-8.921712636947631836e-03,3.097917884588241577e-03,2.184216305613517761e-02
1.909802854061126709e-01,-2.391499429941177368e-01,-1.725736260414123535e-01,-3.575100898742675781e-01,-2.215047180652618408e-01,-2.085167616605758667e-01,-1.144410371780395508e-01,2.665993198752403259e-02,-3.264736384153366089e-02,1.243527978658676147e-01
-1.842939481139183044e-02,2.615126669406890869e-01,6.759880483150482178e-02,1.129561290144920349e-02,-1.622699201107025146e-01,2.134496569633483887e-01,2.923178672790527344e-01,-1.490283012390136719e-01,-2.267235517501831055e-02,-6.631470471620559692e-02
1.265157386660575867e-02,-3.857353031635284424e-01,-6.218453124165534973e-02,6.944258511066436768e-02,-2.431241273880004883e-01,-3.116503357887268066e-03,3.093457221984863281e-02,1.156557258218526840e-02,-7.191774994134902954e-02,2.337405383586883545e-01
3.528360426425933838e-01,5.434914827346801758e-01,-2.213817387819290161e-01,1.130204439163208008e+00,-8.455885648727416992e-01,1.290769100189208984e+00,6.028388738632202148e-01,-1.178254932165145874e-01,4.899653792381286621e-02,-1.300728917121887207e-01
1.292985491454601288e-02,1.716268062591552734e-01,-2.216031849384307861e-01,6.812664866447448730e-01,-3.170586526393890381e-01,7.158145308494567871e-01,3.595992922782897949e-01,-2.257976830005645752e-01,1.433179974555969238e-01,3.815183788537979126e-02
-2.308489233255386353e-01,9.069247543811798096e-02,-2.018125653266906738e-01,4.994456470012664795e-02,-5.202997848391532898e-02,-2.652600407600402832e-02,2.275132834911346436e-01,-1.093643531203269958e-01,1.631976664066314697e-02,-1.076222285628318787e-01
5.901061370968818665e-02,-9.696385264396667480e-02,-2.696439623832702637e-03,-1.009061932563781738e-01,-5.588296800851821899e-02,-1.997746974229812622e-01,8.315244317054748535e-02,1.611423641443252563e-01,-1.012014821171760559e-01,2.036533951759338379e-01
-4.129635095596313477e-01,-1.308291107416152954e-01,-7.383156567811965942e-02,-1.975023299455642700e-01,-2.255831658840179443e-02,-1.077570319175720215e-01,8.489770442247390747e-02,-4.255386441946029663e-02,7.957676798105239868e-02,-2.928172238171100616e-02
-1.595796644687652588e-02,-3.516933880746364594e-03,-1.081565096974372864e-01,1.402940452098846436e-01,-1.941463053226470947e-01,2.904078960418701172e-01,1.931098997592926025e-01,-2.181021124124526978e-02,1.390697360038757324e-01,-6.153788790106773376e-02
2.560628354549407959e-01,-1.872939765453338623e-01,-1.641411781311035156e-01,-4.769533872604370117e-01,1.413303911685943604e-01,2.450068891048431396e-01,-6.933084130287170410e-02,2.205787897109985352e-01,2.971288263797760010e-01,-2.051058858633041382e-01
-2.709494344890117645e-02,-1.591571420431137085e-01,2.653582692146301270e-01,-2.637958526611328125e-01,2.475353479385375977e-01,1.195384413003921509e-01,-8.141884207725524902e-02,6.654163450002670288e-02,3.558096885681152344e-01,-2.855648398399353027e-01
-2.137976139783859253e-01,1.666734665632247925e-01,-5.491490662097930908e-02,3.940892517566680908e-01,-3.621250391006469727e-01,6.125626564025878906e-01,3.915323019027709961e-01,-1.933476775884628296e-01,1.913000643253326416e-01,-1.557100862264633179e-01
1.332751363515853882e-01,2.778652608394622803e-01,-1.202422454953193665e-01,-2.825843095779418945e-01,-1.336448639631271362e-01,9.901843219995498657e-02,1.910975128412246704e-01,3.504196554422378540e-02,-2.105106413364410400e-01,-2.478504329919815063e-01
-3.595970571041107178e-02,-8.143518865108489990e-02,1.209548860788345337e-01,-1.612675338983535767e-01,-1.160046756267547607e-01,6.287875771522521973e-02,1.579752117395401001e-01,-5.927117168903350830e-02,1.148756369948387146e-01,-2.358500957489013672e-01
-3.767770230770111084e-01,-3.618891239166259766e-01,-6.663016974925994873e-03,-1.060918718576431274e-01,3.636012673377990723e-01,-3.337927460670471191e-01,-2.386185228824615479e-01,-1.229541897773742676e-01,7.384220510721206665e-02,7.621470838785171509e-02
1.091282814741134644e-01,-2.269056588411331177e-01,-1.232502758502960205e-01,-2.402283102273941040e-01,8.886106312274932861e-03,2.027250826358795166e-01,1.558643430471420288e-01,2.358007133007049561e-01,3.500055968761444092e-01,-2.249556779861450195e-01
1.360253691673278809e-01,7.158111035823822021e-02,-2.942030429840087891e-01,8.031766116619110107e-02,-6.661973893642425537e-03,4.375638961791992188e-01,4.599827229976654053e-01,5.658264756202697754e-01,1.301257908344268799e-01,-1.896187216043472290e-01
-2.334376424551010132e-01,-3.884298503398895264e-01,-1.814996302127838135e-01,-2.471262961626052856e-01,-7.634342461824417114e-02,-9.380474686622619629e-02,-9.358617663383483887e-02,-5.230744928121566772e-02,-3.636439442634582520e-01,5.901692807674407959e-02
-1.450966447591781616e-01,-3.826715052127838135e-02,-1.004111915826797485e-01,-1.743801385164260864e-01,-1.567049324512481689e-01,-5.648440122604370117e-02,1.652311533689498901e-01,-3.557072952389717102e-02,-3.148311078548431396e-01,3.814805299043655396e-03
